4080240802746197657853979910541370268653886859863000911909851621701397798284993284900248157693892
4339414962145635507791945702263749903848856584075853204365236724018289167987295629649571079865817062
138019879490295541159152637419173574756442970520674820243799336722600417769095751355354965195923836148
233400473292245109700253718623549860781455885246497752443530590732139915873888807757573737454988463502
99936896552259598070590417152568244730652015842556159701342167615279899041135993775013953118611799632175
454073632363865653602196213050299848647184774191216073932086804280092185697246332722440830862156312070321
2945493132888412166684658289225565111312849771597881620690909055913315531890931838895405078450187931114427
17584388134904579698952704874043011716759254672349910499698244753796858527115084894706158343420208531776236
40695297834010527739348277183797380149793331659390610691221549543484220748672603748901596271303290008188021
300685105171057917428389819667315133704258126018914635443386895524509407441665610270292998192868307649759825
321764018588392726086624557059256832377084305460398719151948351751427446225503373576753530787287963922088824
1850716776760365794071694714658278067357083103206716494194492147615172073105403189958335756182211777674088649
3518840183273935025082299557248888013075808501611360964339748281694788013298900505113617615373690694487672725
4176907798056242494696455970869825780319380658713656791689108918996002671874537244218506059863167781260836141
55942583062311723543380839281398612251275610954664909961058514928505415416006948009361704678457946756629289000
27833473718487791740771389677356093494287885294487719430081913661890325003905835339259872756318907007816319774
481190883107431299458969538405976730287144772640519132743314900955379756518133379301888263921084799611244890952
303575979581314671109359690303023996039152883241524937956119212771609375148622515307985636726019832048273606787
1782858225373087475841591835713993626579001009602339559354160955283990771810099174116643015813006816661818683975
347203448102160286033808374294101796188667678851677183598392094131789364639141229656112905434625637676590441875
230783091954034270149093717576742344844591571713927964176118406826559714962210450012262078659893776725386729162
5876362447899486908974798995156209098510008492524509081121447341868514811433835573895400573446028230949350835684
27024012843340790604054892836790704044652240527259127921796460557913585700364527332576021174756837876579146524730
17831885586979776578890159597419617564489931001902635788732614185213876628754824241718980406538815854695689721069
78981028530170336652033233096312180413536727267168065182940589555527410778875151616637267809439222077079767367650
72737557853601053155210025316381180965435832281379829158515342131808430491769004022800449702013707655013171249290
81091498473008708051849637531431172500165338323048860522761169626014023440328086188259320388964616555789127392453
105565520500893389799798781763253713288399804777649193513077140023386348885456147127358939762005408030777587851677
549452070560228758231779675376781399766678980461044095230597664222862397948248055860716596820674393687385666920819
395745163919182339428218361934659643488534692914590839000096624666930964483711222301645952700173714792169176790900
